ENLACE 0001 0002 00100 00100 0001
ENLACE 0002 0004 00600 00600 0001
ENLACE 0001 0003 00200 00200 0001
ENLACE 0003 0005 00100 00100 0001
ENLACE 0005 0006 00100 00100 0001
ENLACE 0006 0007 00100 00100 0001
ENLACE 0007 0004 00100 00100 0001

ENLACE 0004 0008 00100 00100 0001
ENLACE 0008 0009 00100 00100 0001
ENLACE 0009 0010 00100 00100 0001

Enlace 0008 0011 00100 00100 0001

Enlace 0010 0012 00100 00100 0001

Enlace 0008 0013 00200 00200 0001
Enlace 0013 0012 00050 00050 0001

Enlace 0001 0014 00300 00300 0001
Enlace 0014 0015 00010 00010 0001
Enlace 0015 0016 00010 00010 0001
Enlace 0016 0017 00010 00010 0001
Enlace 0017 0018 00010 00010 0001
Enlace 0018 0019 00010 00010 0001
Enlace 0019 0020 00010 00010 0001
Enlace 0020 0021 00010 00010 0001
Enlace 0021 0022 00010 00010 0001
Enlace 0022 0023 00010 00010 0001

Enlace 0023 0011 00200 00200 0001
Enlace 0011 0012 00050 00050 0001

Enlace 0001 0024 00310 00310 0001
Enlace 0024 0025 00005 00005 0001
Enlace 0025 0026 00005 00005 0001
Enlace 0026 0027 00005 00005 0001
Enlace 0027 0028 00005 00005 0001
Enlace 0028 0029 00005 00005 0001
Enlace 0029 0030 00005 00005 0001
Enlace 0030 0031 00005 00005 0001
Enlace 0031 0032 00005 00005 0001
Enlace 0032 0033 00005 00005 0001
Enlace 0033 0034 00005 00005 0001
Enlace 0034 0035 00005 00005 0001
Enlace 0035 0036 00005 00005 0001
Enlace 0036 0011 00210 00210 0001

(1)
Inicio 0001 0001 0011 0001 0010

// Anulada
Inicio 0001 0002 0011 0002 0011

// Ocupado
Inicio 0012 0001 0001 0001 0012

(1)
Fin    0001 0001 0011 0001 0020



(2)
Inicio 0010 0001 0027 0001 0100

// Ocupado
Inicio 0026 0001 0027 0001 0101

// Ocupado
Inicio 0026 0001 0027 0001 0102

// Ocupado
Inicio 0026 0001 0027 0001 0103


(2)
Fin    0010 0001 0027 0001 0110


(3)
Inicio 0001 0001 0011 0001 0150

(3)
Fin    0001 0001 0011 0001 0350










